date,open,close,high,low,volume,code,market,name
2023-09-22,0.979,1.0,1.0,0.978,1628012.0,561280,sh,中证1000增强ETF工银
2023-09-25,0.998,0.995,1.002,0.99,535636.0,561280,sh,中证1000增强ETF工银
2023-09-26,0.994,0.995,0.997,0.989,306115.0,561280,sh,中证1000增强ETF工银
2023-09-27,0.995,1.002,1.005,0.992,406702.0,561280,sh,中证1000增强ETF工银
2023-09-28,1.003,1.007,1.008,1.001,174735.0,561280,sh,中证1000增强ETF工银
2023-10-09,1.003,1.005,1.007,0.998,227169.0,561280,sh,中证1000增强ETF工银
2023-10-10,1.008,1.0,1.008,0.996,157806.0,561280,sh,中证1000增强ETF工银
2023-10-11,1.0,1.003,1.011,1.0,256582.0,561280,sh,中证1000增强ETF工银
2023-10-12,1.006,1.01,1.011,1.002,187392.0,561280,sh,中证1000增强ETF工银
2023-10-13,1.004,1.007,1.007,1.003,63544.0,561280,sh,中证1000增强ETF工银
2023-10-16,0.997,0.992,0.998,0.987,107276.0,561280,sh,中证1000增强ETF工银
2023-10-17,0.987,0.988,0.989,0.984,96838.0,561280,sh,中证1000增强ETF工银
2023-10-18,0.979,0.97,0.979,0.97,110692.0,561280,sh,中证1000增强ETF工银
2023-10-19,0.968,0.961,0.972,0.961,92651.0,561280,sh,中证1000增强ETF工银
2023-10-20,0.962,0.95,0.964,0.95,127882.0,561280,sh,中证1000增强ETF工银
2023-10-23,0.944,0.921,0.944,0.917,121562.0,561280,sh,中证1000增强ETF工银
2023-10-24,0.93,0.937,0.942,0.923,65990.0,561280,sh,中证1000增强ETF工银
2023-10-25,0.937,0.947,0.957,0.937,90576.0,561280,sh,中证1000增强ETF工银
2023-10-26,0.945,0.956,0.956,0.94,76110.0,561280,sh,中证1000增强ETF工银
2023-10-27,0.95,0.972,0.977,0.949,69243.0,561280,sh,中证1000增强ETF工银
2023-10-30,0.972,0.985,0.988,0.972,81673.0,561280,sh,中证1000增强ETF工银
2023-10-31,0.982,0.979,0.983,0.974,44200.0,561280,sh,中证1000增强ETF工银
2023-11-01,0.978,0.975,0.98,0.972,28751.0,561280,sh,中证1000增强ETF工银
2023-11-02,0.975,0.966,0.976,0.965,45884.0,561280,sh,中证1000增强ETF工银
2023-11-03,0.972,0.979,0.985,0.972,28745.0,561280,sh,中证1000增强ETF工银
2023-11-06,0.996,0.998,1.002,0.992,98644.0,561280,sh,中证1000增强ETF工银
2023-11-07,0.996,1.001,1.006,0.993,70790.0,561280,sh,中证1000增强ETF工银
2023-11-08,1.001,1.006,1.007,0.999,99494.0,561280,sh,中证1000增强ETF工银
2023-11-09,1.007,1.0,1.009,0.996,42583.0,561280,sh,中证1000增强ETF工银
2023-11-10,0.993,0.999,0.999,0.992,27426.0,561280,sh,中证1000增强ETF工银
2023-11-13,0.998,1.006,1.006,0.998,94870.0,561280,sh,中证1000增强ETF工银
2023-11-14,1.006,1.01,1.012,1.004,80270.0,561280,sh,中证1000增强ETF工银
2023-11-15,1.01,1.018,1.02,1.01,101251.0,561280,sh,中证1000增强ETF工银
2023-11-16,1.016,1.007,1.016,1.007,52620.0,561280,sh,中证1000增强ETF工银
2023-11-17,1.011,1.02,1.02,1.009,83178.0,561280,sh,中证1000增强ETF工银
2023-11-20,1.018,1.027,1.027,1.014,94231.0,561280,sh,中证1000增强ETF工银
2023-11-21,1.024,1.016,1.029,1.016,95529.0,561280,sh,中证1000增强ETF工银
2023-11-22,1.02,1.009,1.024,1.009,83744.0,561280,sh,中证1000增强ETF工银
2023-11-23,1.009,1.023,1.023,1.005,125649.0,561280,sh,中证1000增强ETF工银
2023-11-24,1.02,1.011,1.02,1.008,65810.0,561280,sh,中证1000增强ETF工银
2023-11-27,1.012,1.017,1.017,1.005,54182.0,561280,sh,中证1000增强ETF工银
2023-11-28,1.006,1.017,1.018,1.006,24725.0,561280,sh,中证1000增强ETF工银
2023-11-29,1.014,1.013,1.021,1.012,32932.0,561280,sh,中证1000增强ETF工银
2023-11-30,1.013,1.005,1.013,0.999,67633.0,561280,sh,中证1000增强ETF工银
2023-12-01,1.003,1.014,1.015,1.001,56796.0,561280,sh,中证1000增强ETF工银
2023-12-04,1.012,1.008,1.016,1.008,56617.0,561280,sh,中证1000增强ETF工银
2023-12-05,1.004,0.99,1.004,0.99,36251.0,561280,sh,中证1000增强ETF工银
2023-12-06,0.99,0.994,1.0,0.99,29578.0,561280,sh,中证1000增强ETF工银
2023-12-07,0.992,1.0,1.002,0.989,52360.0,561280,sh,中证1000增强ETF工银
2023-12-08,0.999,0.995,1.004,0.995,35691.0,561280,sh,中证1000增强ETF工银
2023-12-11,0.986,1.007,1.01,0.985,55481.0,561280,sh,中证1000增强ETF工银
2023-12-12,1.006,1.009,1.011,1.006,39204.0,561280,sh,中证1000增强ETF工银
2023-12-13,1.008,1.005,1.01,1.004,46438.0,561280,sh,中证1000增强ETF工银
2023-12-14,1.008,0.999,1.01,0.999,46896.0,561280,sh,中证1000增强ETF工银
2023-12-15,0.991,0.989,1.006,0.988,59416.0,561280,sh,中证1000增强ETF工银
2023-12-18,0.986,0.98,0.988,0.975,55546.0,561280,sh,中证1000增强ETF工银
2023-12-19,0.974,0.975,0.979,0.97,40758.0,561280,sh,中证1000增强ETF工银
2023-12-20,0.975,0.963,0.976,0.961,56054.0,561280,sh,中证1000增强ETF工银
2023-12-21,0.959,0.969,0.969,0.95,72973.0,561280,sh,中证1000增强ETF工银
2023-12-22,0.965,0.958,0.974,0.958,60059.0,561280,sh,中证1000增强ETF工银
2023-12-25,0.963,0.964,0.965,0.941,328624.0,561280,sh,中证1000增强ETF工银
2023-12-26,0.958,0.946,0.958,0.942,320727.0,561280,sh,中证1000增强ETF工银
2023-12-27,0.944,0.954,0.955,0.943,58043.0,561280,sh,中证1000增强ETF工银
2023-12-28,0.955,0.977,0.981,0.952,118266.0,561280,sh,中证1000增强ETF工银
2023-12-29,0.978,0.995,0.995,0.978,52548.0,561280,sh,中证1000增强ETF工银
2024-01-02,0.993,0.986,0.996,0.986,62117.0,561280,sh,中证1000增强ETF工银
2024-01-03,0.987,0.983,0.99,0.977,52271.0,561280,sh,中证1000增强ETF工银
2024-01-04,0.977,0.976,0.977,0.969,30904.0,561280,sh,中证1000增强ETF工银
2024-01-05,0.97,0.96,0.976,0.956,58889.0,561280,sh,中证1000增强ETF工银
2024-01-08,0.97,0.937,0.97,0.937,59002.0,561280,sh,中证1000增强ETF工银
2024-01-09,0.937,0.941,0.95,0.934,87667.0,561280,sh,中证1000增强ETF工银
2024-01-10,0.938,0.937,0.945,0.924,41919.0,561280,sh,中证1000增强ETF工银
2024-01-11,0.942,0.95,0.956,0.937,72160.0,561280,sh,中证1000增强ETF工银
2024-01-12,0.95,0.945,0.958,0.945,72849.0,561280,sh,中证1000增强ETF工银
2024-01-15,0.939,0.941,0.945,0.937,53448.0,561280,sh,中证1000增强ETF工银
2024-01-16,0.938,0.938,0.943,0.929,53750.0,561280,sh,中证1000增强ETF工银
2024-01-17,0.933,0.912,0.936,0.912,77473.0,561280,sh,中证1000增强ETF工银
2024-01-18,0.916,0.909,0.916,0.89,94766.0,561280,sh,中证1000增强ETF工银
2024-01-19,0.911,0.901,0.913,0.901,99370.0,561280,sh,中证1000增强ETF工银
2024-01-22,0.892,0.861,0.896,0.846,93973.0,561280,sh,中证1000增强ETF工银
2024-01-23,0.865,0.857,0.865,0.837,103841.0,561280,sh,中证1000增强ETF工银
2024-01-24,0.867,0.866,0.871,0.833,126922.0,561280,sh,中证1000增强ETF工银
2024-01-25,0.868,0.9,0.9,0.862,56702.0,561280,sh,中证1000增强ETF工银
2024-01-26,0.9,0.888,0.901,0.883,75982.0,561280,sh,中证1000增强ETF工银
2024-01-29,0.891,0.863,0.891,0.863,127182.0,561280,sh,中证1000增强ETF工银
2024-01-30,0.852,0.845,0.863,0.837,116590.0,561280,sh,中证1000增强ETF工银
2024-01-31,0.837,0.806,0.84,0.804,68403.0,561280,sh,中证1000增强ETF工银
2024-02-01,0.805,0.796,0.818,0.79,104297.0,561280,sh,中证1000增强ETF工银
2024-02-02,0.797,0.755,0.805,0.733,95385.0,561280,sh,中证1000增强ETF工银
2024-02-05,0.75,0.714,0.759,0.691,300697.0,561280,sh,中证1000增强ETF工银
2024-02-06,0.713,0.779,0.779,0.693,248216.0,561280,sh,中证1000增强ETF工银
2024-02-07,0.787,0.798,0.853,0.78,323199.0,561280,sh,中证1000增强ETF工银
2024-02-08,0.802,0.845,0.85,0.798,145819.0,561280,sh,中证1000增强ETF工银
2024-02-19,0.849,0.838,0.853,0.823,110461.0,561280,sh,中证1000增强ETF工银
2024-02-20,0.835,0.838,0.841,0.817,105012.0,561280,sh,中证1000增强ETF工银
2024-02-21,0.847,0.846,0.877,0.83,67637.0,561280,sh,中证1000增强ETF工银
2024-02-22,0.842,0.861,0.863,0.842,110158.0,561280,sh,中证1000增强ETF工银
2024-02-23,0.872,0.879,0.879,0.854,78211.0,561280,sh,中证1000增强ETF工银
2024-02-26,0.879,0.885,0.901,0.875,48519.0,561280,sh,中证1000增强ETF工银
2024-02-27,0.885,0.918,0.919,0.883,112344.0,561280,sh,中证1000增强ETF工银
2024-02-28,0.926,0.868,0.933,0.864,177593.0,561280,sh,中证1000增强ETF工银
2024-02-29,0.867,0.902,0.904,0.85,88341.0,561280,sh,中证1000增强ETF工银
2024-03-01,0.904,0.913,0.916,0.897,46186.0,561280,sh,中证1000增强ETF工银
2024-03-04,0.916,0.915,0.921,0.895,107565.0,561280,sh,中证1000增强ETF工银
2024-03-05,0.905,0.9,0.91,0.896,64936.0,561280,sh,中证1000增强ETF工银
2024-03-06,0.899,0.901,0.914,0.888,105145.0,561280,sh,中证1000增强ETF工银
2024-03-07,0.909,0.886,0.915,0.886,55651.0,561280,sh,中证1000增强ETF工银
2024-03-08,0.886,0.901,0.902,0.885,56140.0,561280,sh,中证1000增强ETF工银
2024-03-11,0.901,0.919,0.92,0.897,72777.0,561280,sh,中证1000增强ETF工银
2024-03-12,0.923,0.93,0.934,0.917,103755.0,561280,sh,中证1000增强ETF工银
2024-03-13,0.931,0.934,0.944,0.927,59991.0,561280,sh,中证1000增强ETF工银
2024-03-14,0.939,0.927,0.939,0.918,73795.0,561280,sh,中证1000增强ETF工银
2024-03-15,0.925,0.942,0.942,0.921,79971.0,561280,sh,中证1000增强ETF工银
2024-03-18,0.945,0.959,0.959,0.941,112438.0,561280,sh,中证1000增强ETF工银
2024-03-19,0.959,0.951,0.961,0.951,88972.0,561280,sh,中证1000增强ETF工银
2024-03-20,0.953,0.963,0.967,0.953,51614.0,561280,sh,中证1000增强ETF工银
2024-03-21,0.969,0.966,0.973,0.956,54192.0,561280,sh,中证1000增强ETF工银
2024-03-22,0.966,0.96,0.968,0.947,50538.0,561280,sh,中证1000增强ETF工银
2024-03-25,0.96,0.935,0.96,0.928,37471.0,561280,sh,中证1000增强ETF工银
2024-03-26,0.931,0.929,0.939,0.921,78057.0,561280,sh,中证1000增强ETF工银
2024-03-27,0.927,0.892,0.927,0.892,22831.0,561280,sh,中证1000增强ETF工银
2024-03-28,0.894,0.926,0.926,0.894,78604.0,561280,sh,中证1000增强ETF工银
2024-03-29,0.926,0.929,0.929,0.908,54470.0,561280,sh,中证1000增强ETF工银
2024-04-01,0.932,0.951,0.951,0.932,49563.0,561280,sh,中证1000增强ETF工银
2024-04-02,0.947,0.95,0.95,0.939,24708.0,561280,sh,中证1000增强ETF工银
2024-04-03,0.945,0.941,0.945,0.932,9536.0,561280,sh,中证1000增强ETF工银
2024-04-08,0.936,0.915,0.936,0.915,31164.0,561280,sh,中证1000增强ETF工银
2024-04-09,0.922,0.934,0.934,0.915,19917.0,561280,sh,中证1000增强ETF工银
2024-04-10,0.929,0.915,0.929,0.905,42426.0,561280,sh,中证1000增强ETF工银
2024-04-11,0.91,0.92,0.929,0.91,41506.0,561280,sh,中证1000增强ETF工银
2024-04-12,0.917,0.904,0.917,0.904,44076.0,561280,sh,中证1000增强ETF工银
2024-04-15,0.899,0.89,0.911,0.878,67987.0,561280,sh,中证1000增强ETF工银
2024-04-16,0.885,0.849,0.885,0.843,80336.0,561280,sh,中证1000增强ETF工银
2024-04-17,0.857,0.89,0.896,0.857,65021.0,561280,sh,中证1000增强ETF工银
2024-04-18,0.885,0.895,0.903,0.877,54271.0,561280,sh,中证1000增强ETF工银
2024-04-19,0.89,0.88,0.895,0.878,34588.0,561280,sh,中证1000增强ETF工银
2024-04-22,0.878,0.884,0.892,0.867,44875.0,561280,sh,中证1000增强ETF工银
2024-04-23,0.888,0.889,0.891,0.879,43576.0,561280,sh,中证1000增强ETF工银
2024-04-24,0.889,0.901,0.901,0.884,24230.0,561280,sh,中证1000增强ETF工银
2024-04-25,0.9,0.901,0.91,0.896,22889.0,561280,sh,中证1000增强ETF工银
2024-04-26,0.901,0.921,0.923,0.897,24420.0,561280,sh,中证1000增强ETF工银
2024-04-29,0.925,0.951,0.953,0.925,37086.0,561280,sh,中证1000增强ETF工银
2024-04-30,0.952,0.94,0.952,0.935,40931.0,561280,sh,中证1000增强ETF工银
2024-05-06,0.953,0.962,0.962,0.952,54545.0,561280,sh,中证1000增强ETF工银
2024-05-07,0.962,0.966,0.966,0.955,67305.0,561280,sh,中证1000增强ETF工银
2024-05-08,0.961,0.95,0.961,0.947,60556.0,561280,sh,中证1000增强ETF工银
2024-05-09,0.95,0.966,0.968,0.95,16765.0,561280,sh,中证1000增强ETF工银
2024-05-10,0.966,0.955,0.966,0.95,37469.0,561280,sh,中证1000增强ETF工银
2024-05-13,0.95,0.939,0.95,0.935,13616.0,561280,sh,中证1000增强ETF工银
2024-05-14,0.94,0.943,0.95,0.939,40864.0,561280,sh,中证1000增强ETF工银
2024-05-15,0.943,0.935,0.945,0.934,48659.0,561280,sh,中证1000增强ETF工银
2024-05-16,0.94,0.933,0.942,0.932,45242.0,561280,sh,中证1000增强ETF工银
2024-05-17,0.933,0.952,0.955,0.932,33604.0,561280,sh,中证1000增强ETF工银
2024-05-20,0.952,0.95,0.959,0.947,81432.0,561280,sh,中证1000增强ETF工银
2024-05-21,0.953,0.945,0.954,0.942,40449.0,561280,sh,中证1000增强ETF工银
2024-05-22,0.945,0.949,0.953,0.944,10975.0,561280,sh,中证1000增强ETF工银
2024-05-23,0.949,0.933,0.949,0.927,20055.0,561280,sh,中证1000增强ETF工银
2024-05-24,0.928,0.918,0.933,0.918,26213.0,561280,sh,中证1000增强ETF工银
2024-05-27,0.918,0.922,0.922,0.901,32754.0,561280,sh,中证1000增强ETF工银
2024-05-28,0.922,0.914,0.926,0.914,60072.0,561280,sh,中证1000增强ETF工银
2024-05-29,0.917,0.913,0.92,0.908,6385.0,561280,sh,中证1000增强ETF工银
2024-05-30,0.908,0.915,0.92,0.906,31030.0,561280,sh,中证1000增强ETF工银
2024-05-31,0.919,0.924,0.927,0.918,17180.0,561280,sh,中证1000增强ETF工银
2024-06-03,0.924,0.91,0.924,0.902,41504.0,561280,sh,中证1000增强ETF工银
2024-06-04,0.905,0.909,0.909,0.895,36613.0,561280,sh,中证1000增强ETF工银
2024-06-05,0.904,0.9,0.91,0.898,30860.0,561280,sh,中证1000增强ETF工银
2024-06-06,0.901,0.878,0.901,0.873,39396.0,561280,sh,中证1000增强ETF工银
2024-06-07,0.882,0.883,0.886,0.872,52893.0,561280,sh,中证1000增强ETF工银
2024-06-11,0.878,0.891,0.893,0.867,42962.0,561280,sh,中证1000增强ETF工银
2024-06-12,0.89,0.896,0.901,0.89,32387.0,561280,sh,中证1000增强ETF工银
2024-06-13,0.893,0.896,0.9,0.89,44001.0,561280,sh,中证1000增强ETF工银
2024-06-14,0.892,0.892,0.895,0.886,32666.0,561280,sh,中证1000增强ETF工银
2024-06-17,0.89,0.894,0.9,0.89,10083.0,561280,sh,中证1000增强ETF工银
2024-06-18,0.898,0.902,0.903,0.898,7859.0,561280,sh,中证1000增强ETF工银
2024-06-19,0.9,0.888,0.9,0.888,8405.0,561280,sh,中证1000增强ETF工银
2024-06-20,0.886,0.878,0.888,0.875,43608.0,561280,sh,中证1000增强ETF工银
2024-06-21,0.873,0.874,0.878,0.866,47018.0,561280,sh,中证1000增强ETF工银
2024-06-24,0.869,0.843,0.869,0.841,39865.0,561280,sh,中证1000增强ETF工银
2024-06-25,0.843,0.833,0.846,0.83,50854.0,561280,sh,中证1000增强ETF工银
2024-06-26,0.831,0.864,0.872,0.828,70538.0,561280,sh,中证1000增强ETF工银
2024-06-27,0.864,0.841,0.864,0.839,25404.0,561280,sh,中证1000增强ETF工银
2024-06-28,0.842,0.847,0.857,0.842,33744.0,561280,sh,中证1000增强ETF工银
2024-07-01,0.869,0.85,0.869,0.832,33220.0,561280,sh,中证1000增强ETF工银
2024-07-02,0.847,0.841,0.85,0.838,27897.0,561280,sh,中证1000增强ETF工银
2024-07-03,0.84,0.832,0.841,0.832,17715.0,561280,sh,中证1000增强ETF工银
2024-07-04,0.834,0.816,0.834,0.811,34454.0,561280,sh,中证1000增强ETF工银
2024-07-05,0.82,0.823,0.824,0.809,42705.0,561280,sh,中证1000增强ETF工银
2024-07-08,0.818,0.803,0.818,0.801,72882.0,561280,sh,中证1000增强ETF工银
2024-07-09,0.8,0.818,0.82,0.793,102243.0,561280,sh,中证1000增强ETF工银
2024-07-10,0.818,0.819,0.824,0.815,84032.0,561280,sh,中证1000增强ETF工银
2024-07-11,0.831,0.841,0.841,0.825,51774.0,561280,sh,中证1000增强ETF工银
2024-07-12,0.841,0.842,0.843,0.835,38252.0,561280,sh,中证1000增强ETF工银
2024-07-15,0.837,0.828,0.837,0.826,69464.0,561280,sh,中证1000增强ETF工银
2024-07-16,0.823,0.823,0.827,0.819,68202.0,561280,sh,中证1000增强ETF工银
2024-07-17,0.826,0.82,0.827,0.815,66607.0,561280,sh,中证1000增强ETF工银
2024-07-18,0.815,0.817,0.82,0.801,54321.0,561280,sh,中证1000增强ETF工银
2024-07-19,0.816,0.823,0.828,0.814,27126.0,561280,sh,中证1000增强ETF工银
2024-07-22,0.827,0.824,0.829,0.819,64538.0,561280,sh,中证1000增强ETF工银
2024-07-23,0.825,0.803,0.825,0.803,31032.0,561280,sh,中证1000增强ETF工银
2024-07-24,0.803,0.793,0.803,0.789,26105.0,561280,sh,中证1000增强ETF工银
2024-07-25,0.788,0.792,0.797,0.782,31408.0,561280,sh,中证1000增强ETF工银
2024-07-26,0.794,0.802,0.804,0.793,12589.0,561280,sh,中证1000增强ETF工银
2024-07-29,0.802,0.796,0.802,0.796,21118.0,561280,sh,中证1000增强ETF工银
2024-07-30,0.791,0.8,0.801,0.791,46923.0,561280,sh,中证1000增强ETF工银
2024-07-31,0.81,0.833,0.833,0.81,34976.0,561280,sh,中证1000增强ETF工银
2024-08-01,0.834,0.832,0.837,0.825,23263.0,561280,sh,中证1000增强ETF工银
2024-08-02,0.83,0.818,0.834,0.818,7798.0,561280,sh,中证1000增强ETF工银
2024-08-05,0.813,0.8,0.822,0.8,83421.0,561280,sh,中证1000增强ETF工银
2024-08-06,0.801,0.81,0.81,0.801,37694.0,561280,sh,中证1000增强ETF工银
2024-08-07,0.809,0.809,0.811,0.804,25820.0,561280,sh,中证1000增强ETF工银
2024-08-08,0.804,0.811,0.811,0.796,4440.0,561280,sh,中证1000增强ETF工银
2024-08-09,0.815,0.805,0.815,0.803,10662.0,561280,sh,中证1000增强ETF工银
2024-08-12,0.8,0.797,0.803,0.796,19593.0,561280,sh,中证1000增强ETF工银
2024-08-13,0.797,0.8,0.801,0.794,4636.0,561280,sh,中证1000增强ETF工银
2024-08-14,0.803,0.799,0.803,0.795,3366.0,561280,sh,中证1000增强ETF工银
2024-08-15,0.794,0.805,0.813,0.793,13958.0,561280,sh,中证1000增强ETF工银
2024-08-16,0.806,0.8,0.806,0.8,3398.0,561280,sh,中证1000增强ETF工银
2024-08-19,0.8,0.799,0.809,0.798,21377.0,561280,sh,中证1000增强ETF工银
2024-08-20,0.799,0.785,0.799,0.782,16185.0,561280,sh,中证1000增强ETF工银
2024-08-21,0.783,0.779,0.786,0.779,3771.0,561280,sh,中证1000增强ETF工银
2024-08-22,0.781,0.774,0.781,0.772,3884.0,561280,sh,中证1000增强ETF工银
2024-08-23,0.772,0.771,0.772,0.769,7060.0,561280,sh,中证1000增强ETF工银
2024-08-26,0.772,0.778,0.782,0.772,1107.0,561280,sh,中证1000增强ETF工银
2024-08-27,0.772,0.769,0.774,0.769,2948.0,561280,sh,中证1000增强ETF工银
2024-08-28,0.768,0.774,0.781,0.768,9932.0,561280,sh,中证1000增强ETF工银
2024-08-29,0.774,0.788,0.79,0.771,17264.0,561280,sh,中证1000增强ETF工银
2024-08-30,0.785,0.799,0.812,0.784,39977.0,561280,sh,中证1000增强ETF工银
2024-09-02,0.799,0.785,0.799,0.781,34160.0,561280,sh,中证1000增强ETF工银
2024-09-03,0.784,0.787,0.793,0.783,11367.0,561280,sh,中证1000增强ETF工银
2024-09-04,0.785,0.788,0.793,0.78,7681.0,561280,sh,中证1000增强ETF工银
2024-09-05,0.788,0.792,0.797,0.787,8856.0,561280,sh,中证1000增强ETF工银
2024-09-06,0.788,0.775,0.788,0.774,11284.0,561280,sh,中证1000增强ETF工银
2024-09-09,0.771,0.769,0.778,0.768,43257.0,561280,sh,中证1000增强ETF工银
2024-09-10,0.769,0.77,0.773,0.757,40274.0,561280,sh,中证1000增强ETF工银
2024-09-11,0.77,0.774,0.776,0.77,51302.0,561280,sh,中证1000增强ETF工银
2024-09-12,0.775,0.772,0.782,0.772,4689.0,561280,sh,中证1000增强ETF工银
2024-09-13,0.767,0.762,0.771,0.761,32744.0,561280,sh,中证1000增强ETF工银
2024-09-18,0.762,0.758,0.763,0.75,7066.0,561280,sh,中证1000增强ETF工银
2024-09-19,0.764,0.774,0.782,0.758,14072.0,561280,sh,中证1000增强ETF工银
2024-09-20,0.774,0.768,0.774,0.762,7450.0,561280,sh,中证1000增强ETF工银
2024-09-23,0.766,0.766,0.776,0.765,6009.0,561280,sh,中证1000增强ETF工银
2024-09-24,0.778,0.8,0.8,0.767,98463.0,561280,sh,中证1000增强ETF工银
2024-09-25,0.806,0.804,0.824,0.804,22767.0,561280,sh,中证1000增强ETF工银
2024-09-26,0.805,0.842,0.842,0.804,29818.0,561280,sh,中证1000增强ETF工银
2024-09-27,0.852,0.865,0.901,0.849,32391.0,561280,sh,中证1000增强ETF工银
2024-09-30,0.931,0.952,0.952,0.913,120498.0,561280,sh,中证1000增强ETF工银
2024-10-08,1.047,1.047,1.047,1.038,38066.0,561280,sh,中证1000增强ETF工银
2024-10-09,1.047,0.991,1.052,0.96,130392.0,561280,sh,中证1000增强ETF工银
2024-10-10,0.99,0.981,1.027,0.971,62712.0,561280,sh,中证1000增强ETF工银
2024-10-11,0.981,0.937,0.981,0.923,52364.0,561280,sh,中证1000增强ETF工银
2024-10-14,0.937,0.968,0.971,0.922,51116.0,561280,sh,中证1000增强ETF工银
2024-10-15,0.968,0.947,0.979,0.944,50251.0,561280,sh,中证1000增强ETF工银
2024-10-16,0.931,0.944,0.958,0.931,24199.0,561280,sh,中证1000增强ETF工银
2024-10-17,0.952,0.939,0.962,0.939,60925.0,561280,sh,中证1000增强ETF工银
2024-10-18,0.942,0.99,1.006,0.937,94231.0,561280,sh,中证1000增强ETF工银
2024-10-21,0.996,0.994,1.01,0.98,61704.0,561280,sh,中证1000增强ETF工银
2024-10-22,0.991,0.995,1.004,0.983,39352.0,561280,sh,中证1000增强ETF工银
2024-10-23,0.996,0.999,1.012,0.992,33635.0,561280,sh,中证1000增强ETF工银
2024-10-24,0.999,0.992,0.999,0.985,12287.0,561280,sh,中证1000增强ETF工银
2024-10-25,0.998,1.008,1.015,0.994,25875.0,561280,sh,中证1000增强ETF工银
2024-10-28,1.008,1.027,1.028,1.008,16999.0,561280,sh,中证1000增强ETF工银
2024-10-29,1.037,1.009,1.037,1.007,83113.0,561280,sh,中证1000增强ETF工银
2024-10-30,1.009,1.007,1.015,0.994,27726.0,561280,sh,中证1000增强ETF工银
2024-10-31,1.008,1.017,1.022,1.001,64914.0,561280,sh,中证1000增强ETF工银
2024-11-01,1.016,0.992,1.017,0.989,47270.0,561280,sh,中证1000增强ETF工银
2024-11-04,0.99,1.011,1.011,0.99,26171.0,561280,sh,中证1000增强ETF工银
2024-11-05,1.011,1.046,1.049,1.011,58062.0,561280,sh,中证1000增强ETF工银
2024-11-06,1.047,1.051,1.065,1.043,56320.0,561280,sh,中证1000增强ETF工银
2024-11-07,1.046,1.067,1.07,1.046,39597.0,561280,sh,中证1000增强ETF工银
2024-11-08,1.067,1.078,1.094,1.067,64963.0,561280,sh,中证1000增强ETF工银
2024-11-11,1.07,1.114,1.115,1.07,18106.0,561280,sh,中证1000增强ETF工银
2024-11-12,1.115,1.089,1.185,1.079,42174.0,561280,sh,中证1000增强ETF工银
2024-11-13,1.068,1.088,1.095,1.065,40964.0,561280,sh,中证1000增强ETF工银
2024-11-14,1.09,1.054,1.09,1.051,46627.0,561280,sh,中证1000增强ETF工银
2024-11-15,1.054,1.031,1.062,1.028,36118.0,561280,sh,中证1000增强ETF工银
2024-11-18,1.039,1.005,1.039,1.0,46873.0,561280,sh,中证1000增强ETF工银
2024-11-19,1.025,1.034,1.035,1.004,59982.0,561280,sh,中证1000增强ETF工银
2024-11-20,1.034,1.049,1.053,1.032,51926.0,561280,sh,中证1000增强ETF工银
2024-11-21,1.049,1.054,1.06,1.044,20246.0,561280,sh,中证1000增强ETF工银
2024-11-22,1.054,1.017,1.058,1.016,36819.0,561280,sh,中证1000增强ETF工银
2024-11-25,1.017,1.024,1.025,1.007,17219.0,561280,sh,中证1000增强ETF工银
2024-11-26,1.03,1.014,1.036,1.013,12779.0,561280,sh,中证1000增强ETF工银
2024-11-27,1.005,1.035,1.036,0.992,53519.0,561280,sh,中证1000增强ETF工银
2024-11-28,1.042,1.039,1.048,1.035,32418.0,561280,sh,中证1000增强ETF工银
2024-11-29,1.038,1.053,1.064,1.029,40057.0,561280,sh,中证1000增强ETF工银
2024-12-02,1.054,1.076,1.08,1.054,28927.0,561280,sh,中证1000增强ETF工银
2024-12-03,1.075,1.077,1.08,1.062,43161.0,561280,sh,中证1000增强ETF工银
2024-12-04,1.089,1.06,1.089,1.055,28041.0,561280,sh,中证1000增强ETF工银
2024-12-05,1.061,1.078,1.079,1.061,44194.0,561280,sh,中证1000增强ETF工银
2024-12-06,1.079,1.087,1.097,1.065,43181.0,561280,sh,中证1000增强ETF工银
2024-12-09,1.087,1.082,1.092,1.068,66911.0,561280,sh,中证1000增强ETF工银
2024-12-10,1.188,1.094,1.188,1.092,63773.0,561280,sh,中证1000增强ETF工银
2024-12-11,1.085,1.109,1.112,1.07,53566.0,561280,sh,中证1000增强ETF工银
2024-12-12,1.109,1.118,1.12,1.1,57481.0,561280,sh,中证1000增强ETF工银
2024-12-13,1.116,1.102,1.117,1.1,38233.0,561280,sh,中证1000增强ETF工银
2024-12-16,1.102,1.084,1.102,1.08,61246.0,561280,sh,中证1000增强ETF工银
2024-12-17,1.084,1.069,1.09,1.068,48067.0,561280,sh,中证1000增强ETF工银
2024-12-18,1.069,1.079,1.086,1.064,65419.0,561280,sh,中证1000增强ETF工银
2024-12-19,1.057,1.084,1.086,1.057,57121.0,561280,sh,中证1000增强ETF工银
2024-12-20,1.084,1.092,1.1,1.082,67454.0,561280,sh,中证1000增强ETF工银
2024-12-23,1.087,1.063,1.087,1.06,57179.0,561280,sh,中证1000增强ETF工银
2024-12-24,1.062,1.076,1.113,1.054,49035.0,561280,sh,中证1000增强ETF工银
2024-12-25,1.07,1.065,1.07,1.055,45359.0,561280,sh,中证1000增强ETF工银
2024-12-26,1.071,1.078,1.08,1.071,26439.0,561280,sh,中证1000增强ETF工银
2024-12-27,1.075,1.08,1.092,1.075,54372.0,561280,sh,中证1000增强ETF工银
2024-12-30,1.074,1.08,1.087,1.068,39182.0,561280,sh,中证1000增强ETF工银
2024-12-31,1.079,1.056,1.08,1.047,71293.0,561280,sh,中证1000增强ETF工银
2025-01-02,1.041,1.033,1.052,1.018,63998.0,561280,sh,中证1000增强ETF工银
2025-01-03,1.029,0.999,1.029,0.99,28052.0,561280,sh,中证1000增强ETF工银
2025-01-06,0.999,1.0,1.011,0.992,50921.0,561280,sh,中证1000增强ETF工银
2025-01-07,1.003,1.011,1.011,0.992,32756.0,561280,sh,中证1000增强ETF工银
2025-01-08,1.001,1.007,1.012,0.977,13100.0,561280,sh,中证1000增强ETF工银
2025-01-09,1.006,1.011,1.012,1.004,59825.0,561280,sh,中证1000增强ETF工银
2025-01-10,1.013,0.991,1.016,0.991,64192.0,561280,sh,中证1000增强ETF工银
2025-01-13,0.988,1.0,1.0,0.972,61442.0,561280,sh,中证1000增强ETF工银
2025-01-14,0.992,1.034,1.035,0.991,33515.0,561280,sh,中证1000增强ETF工银
2025-01-15,1.034,1.022,1.034,1.022,42383.0,561280,sh,中证1000增强ETF工银
2025-01-16,1.022,1.028,1.048,1.022,39857.0,561280,sh,中证1000增强ETF工银
2025-01-17,1.029,1.038,1.045,1.023,20394.0,561280,sh,中证1000增强ETF工银
2025-01-20,1.046,1.046,1.055,1.04,25017.0,561280,sh,中证1000增强ETF工银
2025-01-21,1.056,1.058,1.058,1.043,47004.0,561280,sh,中证1000增强ETF工银
2025-01-22,1.053,1.048,1.054,1.043,37966.0,561280,sh,中证1000增强ETF工银
2025-01-23,1.055,1.045,1.071,1.043,69442.0,561280,sh,中证1000增强ETF工银
2025-01-24,1.045,1.066,1.067,1.045,46692.0,561280,sh,中证1000增强ETF工银
2025-01-27,1.075,1.059,1.075,1.056,40350.0,561280,sh,中证1000增强ETF工银
2025-02-05,1.073,1.062,1.086,1.057,32412.0,561280,sh,中证1000增强ETF工银
2025-02-06,1.059,1.087,1.088,1.059,23703.0,561280,sh,中证1000增强ETF工银
2025-02-07,1.087,1.101,1.115,1.087,42546.0,561280,sh,中证1000增强ETF工银
2025-02-10,1.106,1.113,1.113,1.099,72635.0,561280,sh,中证1000增强ETF工银
2025-02-11,1.135,1.106,1.15,1.096,4038.0,561280,sh,中证1000增强ETF工银
2025-02-12,1.106,1.12,1.122,1.106,17423.0,561280,sh,中证1000增强ETF工银
2025-02-13,1.12,1.111,1.121,1.108,45245.0,561280,sh,中证1000增强ETF工银
2025-02-14,1.113,1.116,1.116,1.105,44926.0,561280,sh,中证1000增强ETF工银
2025-02-17,1.115,1.118,1.125,1.112,16480.0,561280,sh,中证1000增强ETF工银
2025-02-18,1.117,1.096,1.12,1.09,42220.0,561280,sh,中证1000增强ETF工银
2025-02-19,1.096,1.12,1.12,1.096,49604.0,561280,sh,中证1000增强ETF工银
2025-02-20,1.12,1.132,1.132,1.119,11276.0,561280,sh,中证1000增强ETF工银
2025-02-21,1.131,1.151,1.153,1.127,35515.0,561280,sh,中证1000增强ETF工银
2025-02-24,1.146,1.152,1.161,1.144,16444.0,561280,sh,中证1000增强ETF工银
2025-02-25,1.151,1.15,1.161,1.139,5836.0,561280,sh,中证1000增强ETF工银
2025-02-26,1.159,1.165,1.169,1.151,24088.0,561280,sh,中证1000增强ETF工银
2025-02-27,1.168,1.163,1.171,1.148,13937.0,561280,sh,中证1000增强ETF工银
2025-02-28,1.163,1.118,1.163,1.117,20117.0,561280,sh,中证1000增强ETF工银
2025-03-03,1.122,1.133,1.158,1.118,13265.0,561280,sh,中证1000增强ETF工银
2025-03-04,1.129,1.144,1.144,1.126,9960.0,561280,sh,中证1000增强ETF工银
2025-03-05,1.149,1.15,1.152,1.135,4414.0,561280,sh,中证1000增强ETF工银
2025-03-06,1.155,1.176,1.177,1.155,14574.0,561280,sh,中证1000增强ETF工银
2025-03-07,1.176,1.172,1.185,1.162,11976.0,561280,sh,中证1000增强ETF工银
2025-03-10,1.17,1.173,1.175,1.165,8767.0,561280,sh,中证1000增强ETF工银
2025-03-11,1.165,1.175,1.178,1.163,14359.0,561280,sh,中证1000增强ETF工银
2025-03-12,1.181,1.182,1.191,1.181,9240.0,561280,sh,中证1000增强ETF工银
2025-03-13,1.202,1.167,1.202,1.156,6480.0,561280,sh,中证1000增强ETF工银
2025-03-14,1.171,1.186,1.186,1.162,7109.0,561280,sh,中证1000增强ETF工银
2025-03-17,1.186,1.19,1.194,1.183,5541.0,561280,sh,中证1000增强ETF工银
2025-03-18,1.195,1.198,1.206,1.192,14583.0,561280,sh,中证1000增强ETF工银
2025-03-19,1.194,1.189,1.195,1.185,28610.0,561280,sh,中证1000增强ETF工银
2025-03-20,1.191,1.189,1.199,1.186,22624.0,561280,sh,中证1000增强ETF工银
2025-03-21,1.184,1.189,1.19,1.164,54208.0,561280,sh,中证1000增强ETF工银
2025-03-24,1.17,1.162,1.175,1.14,38423.0,561280,sh,中证1000增强ETF工银
2025-03-25,1.141,1.155,1.169,1.141,33400.0,561280,sh,中证1000增强ETF工银
2025-03-26,1.155,1.166,1.169,1.155,13692.0,561280,sh,中证1000增强ETF工银
2025-03-27,1.166,1.172,1.177,1.149,29585.0,561280,sh,中证1000增强ETF工银
2025-03-28,1.168,1.158,1.17,1.152,18477.0,561280,sh,中证1000增强ETF工银
2025-03-31,1.145,1.148,1.152,1.133,30363.0,561280,sh,中证1000增强ETF工银
2025-04-01,1.148,1.152,1.16,1.148,44760.0,561280,sh,中证1000增强ETF工银
2025-04-02,1.153,1.158,1.166,1.153,21496.0,561280,sh,中证1000增强ETF工银
2025-04-03,1.181,1.143,1.204,1.131,19978.0,561280,sh,中证1000增强ETF工银
2025-04-07,1.064,1.029,1.257,1.029,77552.0,561280,sh,中证1000增强ETF工银
2025-04-08,1.029,1.005,1.032,0.926,57436.0,561280,sh,中证1000增强ETF工银
2025-04-09,0.993,1.027,1.032,0.95,27825.0,561280,sh,中证1000增强ETF工银
2025-04-10,1.092,1.053,1.092,1.042,20875.0,561280,sh,中证1000增强ETF工银
2025-04-11,1.043,1.074,1.083,1.034,41353.0,561280,sh,中证1000增强ETF工银
2025-04-14,1.089,1.091,1.095,1.085,31213.0,561280,sh,中证1000增强ETF工银
2025-04-15,1.08,1.083,1.1,1.077,21174.0,561280,sh,中证1000增强ETF工银
2025-04-16,1.071,1.073,1.111,1.057,14465.0,561280,sh,中证1000增强ETF工银
2025-04-17,1.073,1.07,1.081,1.052,28277.0,561280,sh,中证1000增强ETF工银
2025-04-18,1.072,1.074,1.079,1.066,41705.0,561280,sh,中证1000增强ETF工银
2025-04-21,1.078,1.097,1.098,1.078,17681.0,561280,sh,中证1000增强ETF工银
2025-04-22,1.097,1.101,1.103,1.094,5907.0,561280,sh,中证1000增强ETF工银
2025-04-23,1.112,1.107,1.166,1.1,16588.0,561280,sh,中证1000增强ETF工银
2025-04-24,1.107,1.099,1.11,1.094,30630.0,561280,sh,中证1000增强ETF工银
2025-04-25,1.11,1.105,1.11,1.095,33778.0,561280,sh,中证1000增强ETF工银
2025-04-28,1.093,1.09,1.096,1.087,32031.0,561280,sh,中证1000增强ETF工银
2025-04-29,1.085,1.095,1.097,1.085,19663.0,561280,sh,中证1000增强ETF工银
2025-04-30,1.101,1.104,1.107,1.1,16732.0,561280,sh,中证1000增强ETF工银
2025-05-06,1.155,1.127,1.196,1.111,16769.0,561280,sh,中证1000增强ETF工银
2025-05-07,1.145,1.13,1.145,1.121,12568.0,561280,sh,中证1000增强ETF工银
2025-05-08,1.124,1.139,1.141,1.122,9566.0,561280,sh,中证1000增强ETF工银
2025-05-09,1.131,1.125,1.133,1.121,18337.0,561280,sh,中证1000增强ETF工银
2025-05-12,1.133,1.13,1.14,1.128,54154.0,561280,sh,中证1000增强ETF工银
2025-05-13,1.141,1.138,1.147,1.134,24537.0,561280,sh,中证1000增强ETF工银
2025-05-14,1.137,1.136,1.142,1.128,22163.0,561280,sh,中证1000增强ETF工银
2025-05-15,1.132,1.121,1.157,1.12,20597.0,561280,sh,中证1000增强ETF工银
2025-05-16,1.124,1.124,1.129,1.123,16368.0,561280,sh,中证1000增强ETF工银
2025-05-19,1.124,1.13,1.132,1.115,29602.0,561280,sh,中证1000增强ETF工银
2025-05-20,1.13,1.139,1.143,1.13,16169.0,561280,sh,中证1000增强ETF工银
2025-05-21,1.14,1.138,1.141,1.133,26101.0,561280,sh,中证1000增强ETF工银
2025-05-22,1.138,1.128,1.143,1.128,28534.0,561280,sh,中证1000增强ETF工银
2025-05-23,1.125,1.114,1.134,1.114,21334.0,561280,sh,中证1000增强ETF工银
2025-05-26,1.105,1.116,1.126,1.105,11787.0,561280,sh,中证1000增强ETF工银
2025-05-27,1.108,1.113,1.117,1.107,18523.0,561280,sh,中证1000增强ETF工银
2025-05-28,1.118,1.112,1.118,1.111,16630.0,561280,sh,中证1000增强ETF工银
2025-05-29,1.115,1.131,1.132,1.115,7296.0,561280,sh,中证1000增强ETF工银
2025-05-30,1.128,1.126,1.13,1.124,14048.0,561280,sh,中证1000增强ETF工银
2025-06-03,1.134,1.135,1.138,1.128,16520.0,561280,sh,中证1000增强ETF工银
2025-06-04,1.136,1.144,1.147,1.136,15057.0,561280,sh,中证1000增强ETF工银
2025-06-05,1.144,1.151,1.151,1.14,18734.0,561280,sh,中证1000增强ETF工银
2025-06-06,1.151,1.145,1.152,1.143,17136.0,561280,sh,中证1000增强ETF工银
2025-06-09,1.155,1.164,1.165,1.155,19150.0,561280,sh,中证1000增强ETF工银
2025-06-10,1.174,1.16,1.174,1.147,31524.0,561280,sh,中证1000增强ETF工银
2025-06-11,1.163,1.169,1.173,1.163,16168.0,561280,sh,中证1000增强ETF工银
2025-06-12,1.166,1.173,1.175,1.166,14764.0,561280,sh,中证1000增强ETF工银
2025-06-13,1.172,1.158,1.174,1.156,24021.0,561280,sh,中证1000增强ETF工银
2025-06-16,1.154,1.166,1.166,1.154,7107.0,561280,sh,中证1000增强ETF工银
2025-06-17,1.166,1.165,1.169,1.161,19209.0,561280,sh,中证1000增强ETF工银
2025-06-18,1.16,1.163,1.166,1.155,22713.0,561280,sh,中证1000增强ETF工银
2025-06-19,1.163,1.147,1.167,1.143,14304.0,561280,sh,中证1000增强ETF工银
2025-06-20,1.148,1.137,1.154,1.135,7524.0,561280,sh,中证1000增强ETF工银
2025-06-23,1.136,1.154,1.155,1.136,13092.0,561280,sh,中证1000增强ETF工银
2025-06-24,1.15,1.18,1.18,1.15,30069.0,561280,sh,中证1000增强ETF工银
2025-06-25,1.175,1.197,1.199,1.175,16590.0,561280,sh,中证1000增强ETF工银
2025-06-26,1.197,1.193,1.202,1.193,59887.0,561280,sh,中证1000增强ETF工银
2025-06-27,1.192,1.205,1.211,1.192,20247.0,561280,sh,中证1000增强ETF工银
2025-06-30,1.219,1.222,1.222,1.203,17795.0,561280,sh,中证1000增强ETF工银
2025-07-01,1.222,1.227,1.229,1.214,33732.0,561280,sh,中证1000增强ETF工银
2025-07-02,1.227,1.22,1.227,1.215,16940.0,561280,sh,中证1000增强ETF工银
2025-07-03,1.22,1.228,1.23,1.216,6594.0,561280,sh,中证1000增强ETF工银
2025-07-04,1.228,1.225,1.236,1.222,15690.0,561280,sh,中证1000增强ETF工银
2025-07-07,1.221,1.226,1.226,1.209,9656.0,561280,sh,中证1000增强ETF工银
2025-07-08,1.225,1.243,1.245,1.225,22496.0,561280,sh,中证1000增强ETF工银
2025-07-09,1.245,1.245,1.248,1.239,15227.0,561280,sh,中证1000增强ETF工银
2025-07-10,1.245,1.247,1.258,1.236,11806.0,561280,sh,中证1000增强ETF工银
2025-07-11,1.246,1.259,1.309,1.242,20708.0,561280,sh,中证1000增强ETF工银
2025-07-14,1.241,1.261,1.262,1.241,17180.0,561280,sh,中证1000增强ETF工银
2025-07-15,1.258,1.259,1.267,1.247,11729.0,561280,sh,中证1000增强ETF工银
2025-07-16,1.249,1.258,1.269,1.249,22684.0,561280,sh,中证1000增强ETF工银
2025-07-17,1.26,1.271,1.271,1.26,16065.0,561280,sh,中证1000增强ETF工银
2025-07-18,1.285,1.27,1.285,1.264,20253.0,561280,sh,中证1000增强ETF工银
2025-07-21,1.279,1.291,1.291,1.278,40794.0,561280,sh,中证1000增强ETF工银
2025-07-22,1.291,1.293,1.297,1.287,31060.0,561280,sh,中证1000增强ETF工银
2025-07-23,1.294,1.288,1.3,1.282,38791.0,561280,sh,中证1000增强ETF工银
2025-07-24,1.282,1.299,1.299,1.278,32253.0,561280,sh,中证1000增强ETF工银
2025-07-25,1.299,1.298,1.302,1.292,11836.0,561280,sh,中证1000增强ETF工银
2025-07-28,1.298,1.308,1.308,1.281,36173.0,561280,sh,中证1000增强ETF工银
2025-07-29,1.308,1.312,1.319,1.294,29836.0,561280,sh,中证1000增强ETF工银
2025-07-30,1.306,1.304,1.318,1.293,30876.0,561280,sh,中证1000增强ETF工银
2025-07-31,1.307,1.291,1.311,1.288,34839.0,561280,sh,中证1000增强ETF工银
2025-08-01,1.29,1.303,1.306,1.29,17777.0,561280,sh,中证1000增强ETF工银
2025-08-04,1.31,1.322,1.322,1.291,36231.0,561280,sh,中证1000增强ETF工银
2025-08-05,1.348,1.33,1.348,1.318,31488.0,561280,sh,中证1000增强ETF工银
2025-08-06,1.329,1.343,1.347,1.328,22096.0,561280,sh,中证1000增强ETF工银
2025-08-07,1.357,1.337,1.357,1.33,13906.0,561280,sh,中证1000增强ETF工银
2025-08-08,1.343,1.336,1.343,1.326,14342.0,561280,sh,中证1000增强ETF工银
2025-08-11,1.335,1.362,1.375,1.335,44753.0,561280,sh,中证1000增强ETF工银
2025-08-12,1.369,1.365,1.374,1.351,57968.0,561280,sh,中证1000增强ETF工银
2025-08-13,1.374,1.386,1.403,1.366,47769.0,561280,sh,中证1000增强ETF工银
2025-08-14,1.386,1.364,1.388,1.361,61637.0,561280,sh,中证1000增强ETF工银
2025-08-15,1.36,1.397,1.412,1.36,50001.0,561280,sh,中证1000增强ETF工银
2025-08-18,1.398,1.433,1.447,1.398,109688.0,561280,sh,中证1000增强ETF工银
2025-08-19,1.424,1.424,1.441,1.408,63233.0,561280,sh,中证1000增强ETF工银
2025-08-20,1.407,1.44,1.442,1.407,60229.0,561280,sh,中证1000增强ETF工银
2025-08-21,1.441,1.436,1.447,1.43,72262.0,561280,sh,中证1000增强ETF工银
2025-08-22,1.448,1.456,1.456,1.431,58550.0,561280,sh,中证1000增强ETF工银
2025-08-25,1.456,1.472,1.48,1.456,46587.0,561280,sh,中证1000增强ETF工银
2025-08-26,1.472,1.474,1.48,1.456,36738.0,561280,sh,中证1000增强ETF工银
2025-08-27,1.481,1.456,1.494,1.455,57046.0,561280,sh,中证1000增强ETF工银
2025-08-28,1.435,1.465,1.466,1.412,105443.0,561280,sh,中证1000增强ETF工银
2025-08-29,1.465,1.455,1.466,1.444,55660.0,561280,sh,中证1000增强ETF工银
2025-09-01,1.455,1.463,1.468,1.446,59291.0,561280,sh,中证1000增强ETF工银
2025-09-02,1.463,1.437,1.463,1.423,68030.0,561280,sh,中证1000增强ETF工银
2025-09-03,1.444,1.413,1.444,1.41,49978.0,561280,sh,中证1000增强ETF工银
2025-09-04,1.413,1.399,1.427,1.368,73544.0,561280,sh,中证1000增强ETF工银
2025-09-05,1.406,1.429,1.435,1.379,49113.0,561280,sh,中证1000增强ETF工银
2025-09-08,1.435,1.46,1.47,1.428,63797.0,561280,sh,中证1000增强ETF工银
2025-09-09,1.462,1.443,1.469,1.435,34733.0,561280,sh,中证1000增强ETF工银
2025-09-10,1.442,1.432,1.454,1.429,45930.0,561280,sh,中证1000增强ETF工银
2025-09-11,1.432,1.468,1.468,1.415,61858.0,561280,sh,中证1000增强ETF工银
2025-09-12,1.468,1.471,1.477,1.459,51223.0,561280,sh,中证1000增强ETF工银
2025-09-15,1.462,1.46,1.47,1.459,49689.0,561280,sh,中证1000增强ETF工银
2025-09-16,1.46,1.474,1.475,1.45,52943.0,561280,sh,中证1000增强ETF工银
2025-09-17,1.494,1.496,1.496,1.47,45008.0,561280,sh,中证1000增强ETF工银
2025-09-18,1.496,1.477,1.514,1.466,90708.0,561280,sh,中证1000增强ETF工银
2025-09-19,1.477,1.472,1.486,1.466,43229.0,561280,sh,中证1000增强ETF工银
2025-09-22,1.474,1.472,1.474,1.456,32968.0,561280,sh,中证1000增强ETF工银
2025-09-23,1.472,1.458,1.478,1.429,50303.0,561280,sh,中证1000增强ETF工银
2025-09-24,1.457,1.483,1.485,1.441,35903.0,561280,sh,中证1000增强ETF工银
2025-09-25,1.483,1.482,1.499,1.481,52357.0,561280,sh,中证1000增强ETF工银
2025-09-26,1.481,1.471,1.487,1.469,60144.0,561280,sh,中证1000增强ETF工银
2025-09-29,1.478,1.491,1.494,1.462,34810.0,561280,sh,中证1000增强ETF工银
2025-09-30,1.492,1.508,1.513,1.492,45544.0,561280,sh,中证1000增强ETF工银
2025-10-09,1.516,1.522,1.526,1.509,39943.0,561280,sh,中证1000增强ETF工银
2025-10-10,1.517,1.517,1.524,1.509,48554.0,561280,sh,中证1000增强ETF工银
2025-10-13,1.5,1.508,1.508,1.472,22399.0,561280,sh,中证1000增强ETF工银
2025-10-14,1.503,1.487,1.528,1.476,50286.0,561280,sh,中证1000增强ETF工银
2025-10-15,1.489,1.513,1.513,1.474,19555.0,561280,sh,中证1000增强ETF工银
2025-10-16,1.506,1.497,1.517,1.494,38312.0,561280,sh,中证1000增强ETF工银
2025-10-17,1.49,1.459,1.503,1.455,39587.0,561280,sh,中证1000增强ETF工银
2025-10-20,1.466,1.471,1.478,1.46,46482.0,561280,sh,中证1000增强ETF工银
2025-10-21,1.472,1.491,1.493,1.47,61439.0,561280,sh,中证1000增强ETF工银
2025-10-22,1.483,1.482,1.491,1.475,50359.0,561280,sh,中证1000增强ETF工银
2025-10-23,1.48,1.481,1.488,1.459,28914.0,561280,sh,中证1000增强ETF工银
2025-10-24,1.489,1.502,1.503,1.489,38278.0,561280,sh,中证1000增强ETF工银
2025-10-27,1.508,1.509,1.518,1.497,53634.0,561280,sh,中证1000增强ETF工银
2025-10-28,1.516,1.499,1.516,1.494,72317.0,561280,sh,中证1000增强ETF工银
2025-10-29,1.499,1.507,1.514,1.496,41420.0,561280,sh,中证1000增强ETF工银
2025-10-30,1.514,1.504,1.519,1.5,49768.0,561280,sh,中证1000增强ETF工银
2025-10-31,1.506,1.51,1.522,1.504,63332.0,561280,sh,中证1000增强ETF工银
2025-11-03,1.507,1.502,1.513,1.483,51517.0,561280,sh,中证1000增强ETF工银
2025-11-04,1.502,1.478,1.509,1.47,43407.0,561280,sh,中证1000增强ETF工银
2025-11-05,1.456,1.488,1.493,1.456,43411.0,561280,sh,中证1000增强ETF工银
2025-11-06,1.493,1.505,1.506,1.49,41523.0,561280,sh,中证1000增强ETF工银
2025-11-07,1.497,1.506,1.508,1.494,68718.0,561280,sh,中证1000增强ETF工银
2025-11-10,1.509,1.507,1.514,1.499,55347.0,561280,sh,中证1000增强ETF工银
2025-11-11,1.511,1.508,1.517,1.506,33967.0,561280,sh,中证1000增强ETF工银
2025-11-12,1.515,1.504,1.515,1.494,54038.0,561280,sh,中证1000增强ETF工银
2025-11-13,1.498,1.521,1.53,1.498,51575.0,561280,sh,中证1000增强ETF工银
2025-11-14,1.52,1.514,1.525,1.513,34300.0,561280,sh,中证1000增强ETF工银
2025-11-17,1.514,1.508,1.514,1.498,51908.0,561280,sh,中证1000增强ETF工银
2025-11-18,1.508,1.479,1.508,1.476,40504.0,561280,sh,中证1000增强ETF工银
2025-11-19,1.48,1.47,1.492,1.463,43503.0,561280,sh,中证1000增强ETF工银
2025-11-20,1.47,1.464,1.477,1.461,45337.0,561280,sh,中证1000增强ETF工银
2025-11-21,1.45,1.422,1.453,1.411,40270.0,561280,sh,中证1000增强ETF工银
2025-11-24,1.422,1.435,1.437,1.414,25513.0,561280,sh,中证1000增强ETF工银
2025-11-25,1.443,1.449,1.459,1.44,25874.0,561280,sh,中证1000增强ETF工银
2025-11-26,1.453,1.443,1.459,1.442,28802.0,561280,sh,中证1000增强ETF工银
2025-11-27,1.441,1.448,1.459,1.441,30303.0,561280,sh,中证1000增强ETF工银
2025-11-28,1.45,1.463,1.465,1.446,33180.0,561280,sh,中证1000增强ETF工银
2025-12-01,1.47,1.48,1.48,1.465,15888.0,561280,sh,中证1000增强ETF工银
2025-12-02,1.48,1.464,1.48,1.463,28809.0,561280,sh,中证1000增强ETF工银
2025-12-03,1.458,1.457,1.47,1.454,35732.0,561280,sh,中证1000增强ETF工银
2025-12-04,1.464,1.461,1.464,1.446,39854.0,561280,sh,中证1000增强ETF工银
2025-12-05,1.468,1.482,1.485,1.45,49151.0,561280,sh,中证1000增强ETF工银
2025-12-08,1.482,1.489,1.494,1.482,53126.0,561280,sh,中证1000增强ETF工银
2025-12-09,1.493,1.482,1.495,1.481,34853.0,561280,sh,中证1000增强ETF工银
2025-12-10,1.48,1.484,1.486,1.467,51570.0,561280,sh,中证1000增强ETF工银
2025-12-11,1.483,1.476,1.491,1.469,32140.0,561280,sh,中证1000增强ETF工银
2025-12-12,1.476,1.477,1.481,1.451,30394.0,561280,sh,中证1000增强ETF工银
2025-12-15,1.47,1.47,1.48,1.45,57933.0,561280,sh,中证1000增强ETF工银
2025-12-16,1.466,1.44,1.466,1.436,40474.0,561280,sh,中证1000增强ETF工银
2025-12-17,1.446,1.468,1.472,1.442,46588.0,561280,sh,中证1000增强ETF工银
2025-12-18,1.46,1.469,1.481,1.46,50114.0,561280,sh,中证1000增强ETF工银
2025-12-19,1.477,1.485,1.493,1.477,40335.0,561280,sh,中证1000增强ETF工银
2025-12-22,1.491,1.5,1.505,1.491,38368.0,561280,sh,中证1000增强ETF工银
2025-12-23,1.5,1.503,1.511,1.499,51047.0,561280,sh,中证1000增强ETF工银
2025-12-24,1.5,1.527,1.53,1.5,53708.0,561280,sh,中证1000增强ETF工银
2025-12-25,1.527,1.547,1.549,1.518,67374.0,561280,sh,中证1000增强ETF工银
2025-12-26,1.544,1.546,1.557,1.536,53245.0,561280,sh,中证1000增强ETF工银
2025-12-29,1.545,1.545,1.557,1.542,55741.0,561280,sh,中证1000增强ETF工银
2025-12-30,1.552,1.55,1.557,1.533,37161.0,561280,sh,中证1000增强ETF工银
2025-12-31,1.556,1.541,1.557,1.539,50135.0,561280,sh,中证1000增强ETF工银
2026-01-05,1.556,1.581,1.585,1.55,82422.0,561280,sh,中证1000增强ETF工银
2026-01-06,1.578,1.591,1.63,1.571,51279.0,561280,sh,中证1000增强ETF工银
2026-01-07,1.59,1.606,1.612,1.59,61469.0,561280,sh,中证1000增强ETF工银
2026-01-08,1.606,1.622,1.627,1.594,50631.0,561280,sh,中证1000增强ETF工银
2026-01-09,1.621,1.649,1.649,1.621,54168.0,561280,sh,中证1000增强ETF工银
2026-01-12,1.651,1.684,1.684,1.651,42246.0,561280,sh,中证1000增强ETF工银
2026-01-13,1.685,1.664,1.733,1.659,36131.0,561280,sh,中证1000增强ETF工银
2026-01-14,1.664,1.686,1.71,1.649,66345.0,561280,sh,中证1000增强ETF工银
2026-01-15,1.685,1.682,1.731,1.671,40893.0,561280,sh,中证1000增强ETF工银
2026-01-16,1.683,1.687,1.716,1.68,46987.0,561280,sh,中证1000增强ETF工银
2026-01-19,1.683,1.715,1.718,1.682,40318.0,561280,sh,中证1000增强ETF工银
2026-01-20,1.721,1.699,1.724,1.688,78587.0,561280,sh,中证1000增强ETF工银
2026-01-21,1.699,1.747,1.748,1.696,64756.0,561280,sh,中证1000增强ETF工银
2026-01-22,1.753,1.753,1.769,1.731,104736.0,561280,sh,中证1000增强ETF工银
2026-01-23,1.755,1.796,1.796,1.75,59235.0,561280,sh,中证1000增强ETF工银
2026-01-26,1.796,1.761,1.825,1.753,129885.0,561280,sh,中证1000增强ETF工银
2026-01-27,1.766,1.749,1.767,1.716,55210.0,561280,sh,中证1000增强ETF工银
2026-01-28,1.745,1.755,1.76,1.737,65110.0,561280,sh,中证1000增强ETF工银
2026-01-29,1.75,1.732,1.761,1.725,44377.0,561280,sh,中证1000增强ETF工银
2026-01-30,1.732,1.717,1.732,1.678,56853.0,561280,sh,中证1000增强ETF工银
2026-02-02,1.713,1.665,1.713,1.658,83137.0,561280,sh,中证1000增强ETF工银
2026-02-03,1.682,1.702,1.704,1.663,68595.0,561280,sh,中证1000增强ETF工银
2026-02-04,1.695,1.704,1.706,1.683,56975.0,561280,sh,中证1000增强ETF工银
2026-02-05,1.687,1.68,1.713,1.67,55917.0,561280,sh,中证1000增强ETF工银
2026-02-06,1.663,1.686,1.703,1.657,44102.0,561280,sh,中证1000增强ETF工银
2026-02-09,1.702,1.715,1.716,1.7,61235.0,561280,sh,中证1000增强ETF工银
2026-02-10,1.71,1.717,1.724,1.707,37926.0,561280,sh,中证1000增强ETF工银
2026-02-11,1.718,1.725,1.73,1.718,58468.0,561280,sh,中证1000增强ETF工银
2026-02-12,1.725,1.741,1.744,1.72,58732.0,561280,sh,中证1000增强ETF工银
2026-02-13,1.727,1.723,1.738,1.713,54242.0,561280,sh,中证1000增强ETF工银
2026-02-24,1.725,1.744,1.75,1.725,45220.0,561280,sh,中证1000增强ETF工银
2026-02-25,1.744,1.77,1.773,1.728,45073.0,561280,sh,中证1000增强ETF工银
2026-02-26,1.775,1.783,1.784,1.761,42181.0,561280,sh,中证1000增强ETF工银
2026-02-27,1.78,1.805,1.805,1.775,51380.0,561280,sh,中证1000增强ETF工银
2026-03-02,1.8,1.79,1.801,1.767,74375.0,561280,sh,中证1000增强ETF工银
2026-03-03,1.789,1.71,1.791,1.709,127624.0,561280,sh,中证1000增强ETF工银
2026-03-04,1.708,1.702,1.729,1.69,108894.0,561280,sh,中证1000增强ETF工银
2026-03-05,1.719,1.712,1.734,1.705,63191.0,561280,sh,中证1000增强ETF工银
2026-03-06,1.709,1.742,1.746,1.703,71994.0,561280,sh,中证1000增强ETF工银
2026-03-09,1.73,1.724,1.736,1.68,126847.0,561280,sh,中证1000增强ETF工银
2026-03-10,1.734,1.754,1.755,1.73,69542.0,561280,sh,中证1000增强ETF工银
2026-03-11,1.756,1.761,1.766,1.748,62683.0,561280,sh,中证1000增强ETF工银
2026-03-12,1.751,1.755,1.767,1.743,53362.0,561280,sh,中证1000增强ETF工银
2026-03-13,1.75,1.734,1.762,1.732,87107.0,561280,sh,中证1000增强ETF工银
2026-03-16,1.734,1.73,1.746,1.709,87242.0,561280,sh,中证1000增强ETF工银
2026-03-17,1.732,1.703,1.738,1.694,125727.0,561280,sh,中证1000增强ETF工银
2026-03-18,1.703,1.704,1.708,1.689,97646.0,561280,sh,中证1000增强ETF工银
2026-03-19,1.68,1.654,1.703,1.645,83191.0,561280,sh,中证1000增强ETF工银
2026-03-20,1.654,1.621,1.668,1.62,79212.0,561280,sh,中证1000增强ETF工银
2026-03-23,1.592,1.543,1.609,1.459,114434.0,561280,sh,中证1000增强ETF工银
2026-03-24,1.547,1.586,1.587,1.531,95359.0,561280,sh,中证1000增强ETF工银
2026-03-25,1.592,1.622,1.626,1.592,70854.0,561280,sh,中证1000增强ETF工银
2026-03-26,1.616,1.615,1.64,1.608,52365.0,561280,sh,中证1000增强ETF工银
2026-03-27,1.608,1.646,1.651,1.596,100042.0,561280,sh,中证1000增强ETF工银
2026-03-30,1.63,1.643,1.643,1.611,66894.0,561280,sh,中证1000增强ETF工银
2026-03-31,1.627,1.614,1.647,1.614,65357.0,561280,sh,中证1000增强ETF工银
2026-04-01,1.63,1.649,1.653,1.63,92581.0,561280,sh,中证1000增强ETF工银
2026-04-02,1.635,1.632,1.651,1.62,70009.0,561280,sh,中证1000增强ETF工银
2026-04-03,1.632,1.613,1.639,1.604,67189.0,561280,sh,中证1000增强ETF工银
2026-04-07,1.62,1.627,1.635,1.616,52910.0,561280,sh,中证1000增强ETF工银
2026-04-08,1.662,1.704,1.707,1.66,83981.0,561280,sh,中证1000增强ETF工银
2026-04-09,1.7,1.693,1.7,1.682,55436.0,561280,sh,中证1000增强ETF工银
2026-04-10,1.718,1.71,1.727,1.69,64579.0,561280,sh,中证1000增强ETF工银
2026-04-13,1.707,1.714,1.717,1.702,48758.0,561280,sh,中证1000增强ETF工银
2026-04-14,1.729,1.738,1.739,1.716,81446.0,561280,sh,中证1000增强ETF工银
2026-04-15,1.756,1.729,1.758,1.725,61962.0,561280,sh,中证1000增强ETF工银
2026-04-16,1.731,1.764,1.765,1.729,65465.0,561280,sh,中证1000增强ETF工银
2026-04-17,1.762,1.769,1.776,1.757,59283.0,561280,sh,中证1000增强ETF工银
2026-04-20,1.769,1.778,1.78,1.767,50011.0,561280,sh,中证1000增强ETF工银
2026-04-21,1.779,1.777,1.779,1.757,38332.0,561280,sh,中证1000增强ETF工银
2026-04-22,1.77,1.791,1.791,1.764,64518.0,561280,sh,中证1000增强ETF工银
2026-04-23,1.793,1.756,1.793,1.746,67587.0,561280,sh,中证1000增强ETF工银
2026-04-24,1.756,1.748,1.757,1.732,74714.0,561280,sh,中证1000增强ETF工银
2026-04-27,1.75,1.754,1.761,1.734,59917.0,561280,sh,中证1000增强ETF工银
2026-04-28,1.754,1.726,1.754,1.719,42274.0,561280,sh,中证1000增强ETF工银
2026-04-29,1.71,1.754,1.758,1.709,43633.0,561280,sh,中证1000增强ETF工银
2026-04-30,1.75,1.757,1.759,1.747,43011.0,561280,sh,中证1000增强ETF工银
2026-05-06,1.771,1.787,1.793,1.771,68554.0,561280,sh,中证1000增强ETF工银
2026-05-07,1.788,1.812,1.812,1.786,58013.0,561280,sh,中证1000增强ETF工银
2026-05-08,1.81,1.818,1.822,1.798,82411.0,561280,sh,中证1000增强ETF工银
2026-05-11,1.819,1.835,1.841,1.819,64165.0,561280,sh,中证1000增强ETF工银
2026-05-12,1.831,1.82,1.833,1.811,100198.0,561280,sh,中证1000增强ETF工银
2026-05-13,1.821,1.835,1.838,1.813,38032.0,561280,sh,中证1000增强ETF工银
2026-05-14,1.837,1.801,1.84,1.799,69732.0,561280,sh,中证1000增强ETF工银
2026-05-15,1.8,1.793,1.821,1.775,63163.0,561280,sh,中证1000增强ETF工银
2026-05-18,1.772,1.79,1.8,1.772,114695.0,561280,sh,中证1000增强ETF工银
2026-05-19,1.791,1.815,1.815,1.775,79273.0,561280,sh,中证1000增强ETF工银
2026-05-20,1.805,1.825,1.825,1.797,104408.0,561280,sh,中证1000增强ETF工银
2026-05-21,1.825,1.777,1.844,1.77,96194.0,561280,sh,中证1000增强ETF工银
2026-05-22,1.779,1.814,1.814,1.776,77007.0,561280,sh,中证1000增强ETF工银
2026-05-25,1.814,1.827,1.831,1.801,63558.0,561280,sh,中证1000增强ETF工银
2026-05-26,1.83,1.811,1.83,1.792,44841.0,561280,sh,中证1000增强ETF工银
2026-05-27,1.806,1.781,1.82,1.771,91183.0,561280,sh,中证1000增强ETF工银
2026-05-28,1.77,1.792,1.799,1.76,53526.0,561280,sh,中证1000增强ETF工银
2026-05-29,1.792,1.749,1.802,1.738,71586.0,561280,sh,中证1000增强ETF工银
2026-06-01,1.757,1.742,1.768,1.738,43314.0,561280,sh,中证1000增强ETF工银
2026-06-02,1.731,1.738,1.748,1.71,42463.0,561280,sh,中证1000增强ETF工银
2026-06-03,1.739,1.738,1.761,1.725,67082.0,561280,sh,中证1000增强ETF工银
2026-06-04,1.739,1.725,1.739,1.718,60906.0,561280,sh,中证1000增强ETF工银
2026-06-05,1.71,1.723,1.75,1.704,37801.0,561280,sh,中证1000增强ETF工银
2026-06-08,1.723,1.672,1.723,1.642,69801.0,561280,sh,中证1000增强ETF工银
2026-06-09,1.675,1.703,1.707,1.67,51987.0,561280,sh,中证1000增强ETF工银
2026-06-10,1.685,1.693,1.702,1.666,55763.0,561280,sh,中证1000增强ETF工银
2026-06-11,1.668,1.678,1.691,1.66,37623.0,561280,sh,中证1000增强ETF工银
2026-06-12,1.69,1.692,1.718,1.678,36357.0,561280,sh,中证1000增强ETF工银
2026-06-15,1.701,1.751,1.751,1.694,56226.0,561280,sh,中证1000增强ETF工银
2026-06-16,1.733,1.77,1.774,1.733,70958.0,561280,sh,中证1000增强ETF工银
2026-06-17,1.765,1.776,1.786,1.764,72193.0,561280,sh,中证1000增强ETF工银
2026-06-18,1.776,1.803,1.804,1.775,51653.0,561280,sh,中证1000增强ETF工银
2026-06-22,1.803,1.824,1.83,1.775,45906.0,561280,sh,中证1000增强ETF工银
2026-06-23,1.816,1.798,1.828,1.78,39446.0,561280,sh,中证1000增强ETF工银
2026-06-24,1.798,1.82,1.82,1.777,76251.0,561280,sh,中证1000增强ETF工银
2026-06-25,1.82,1.804,1.821,1.792,71890.0,561280,sh,中证1000增强ETF工银
2026-06-26,1.804,1.757,1.804,1.746,59669.0,561280,sh,中证1000增强ETF工银
2026-06-29,1.731,1.743,1.758,1.716,59105.0,561280,sh,中证1000增强ETF工银
2026-06-30,1.745,1.787,1.79,1.731,65706.0,561280,sh,中证1000增强ETF工银
2026-07-01,1.787,1.785,1.805,1.757,47783.0,561280,sh,中证1000增强ETF工银
2026-07-02,1.768,1.763,1.806,1.755,40708.0,561280,sh,中证1000增强ETF工银
2026-07-03,1.76,1.773,1.791,1.757,25664.0,561280,sh,中证1000增强ETF工银
